Model             | Avg Acc    | Best Acc   | Best Loss    |         Best Run Folder
-----------------------------------------------------------------------------------------
Model 10024  1D   | 55.11%     | 68.51%     | 1.2257       |     wide_ResNet_10024_8class_2
Model 5012   1D   | 63.95%     | 74.22%     | 1.3566       |     wide_ResNet_5012_8class_5


Model Performance Summary
| Model    | Avg Accuracy | **Best Accuracy** | Avg Loss | Best Loss |
| :---:    |    :---:     |       :---:       |   :---:  |     
| 10024 1D |    55.11%    |      **68.51%**   |  1.9360  |  1.2257   |
| 5012  1D |    63.95%    |      **74.22%**   |  1.7284  |  1.3566   |


Confusion matrix best model 5012:

[[3000    0    0    0    0    0    0    0]
 [   0  999    0    0    0    1    0    0]
 [   0    0 2997    0    0    0    3    0]
 [   0   19    0  929    0   12    0   40]
 [   0    0    0    0 3000    0    0    0]
 [   0    0   15   36    0  949    0    0]
 [   0    0   62    0 2820  118    0    0]
 [   0    0    0   60    0  939    0    1]]


 Confusion matrix best model 10024:

[[ 480    0  737    1   66    0    0  216]
 [   0  478    0    0    0    1    0   21]
 [   0    0 1299    1   18    0  166   16]
 [   0    5    0    0    0    0    0  495]
 [   0    0    0    0 1500    0    0    0]
 [   0    0    0   22    2  476    0    0]
 [   0    0  110    0  398    0  992    0]
 [   0    0   10   26    5   32  171  256]]
